n | Time
1 0.0000000000
10001 0.0029632500
20001 0.0063673023
30001 0.0109775714
40001 0.0145404000
50001 0.0170086538
60001 0.0193030833
70001 0.0213759091
80001 0.0245773810
90001 0.0304529500
100001 0.0360335263
110001 0.0406313333
120001 0.0445177059
130001 0.0482462941
140001 0.0513623750
150001 0.0569991875
160001 0.0601459333
170001 0.0653264000
180001 0.0707852667
190001 0.0757231333
200001 0.0770595714
210001 0.0800660000
220001 0.0830384286
230001 0.0842886429
240001 0.0866516429
250001 0.0886878462
260001 0.0898812308
270001 0.0946038462
280001 0.0966267692
290001 0.0995593077
300001 0.1010835385
310001 0.1051061538
320001 0.1058860000
330001 0.1078325000
340001 0.1105981667
350001 0.1146082500
360001 0.1158156667
370001 0.1192129167
380001 0.1220683333
390001 0.1228198333
400001 0.1300984167
410001 0.1354080833
420001 0.1404351667
430001 0.1472797500
440001 0.1558252500
450001 0.1597314167
460001 0.1673870833
470001 0.1752613333
480001 0.1813400000
490001 0.1869572500
500001 0.1918610909
510001 0.2144470000
520001 0.2196458182
530001 0.2282170000
540001 0.2350424545
550001 0.2353914545
560001 0.2402037273
570001 0.2523408182
580001 0.2466850000
590001 0.2605702727
600001 0.2593349091
610001 0.2670649091
620001 0.2723571818
630001 0.2878586364
640001 0.2993413636
650001 0.2924529091
660001 0.3080755455
670001 0.3049997273
680001 0.3258791818
690001 0.3145145455
700001 0.3249760909
710001 0.3221940000
720001 0.3249062727
730001 0.3507781818
740001 0.3356841818
750001 0.3435244545
760001 0.3702719091
770001 0.3854571818
780001 0.3574148182
790001 0.3640170909
800001 0.3889642727
810001 0.3893710909
820001 0.3898732727
830001 0.3812532727
840001 0.4077303636
850001 0.4129361818
860001 0.3934573636
870001 0.4128677273
880001 0.4078492727
890001 0.4127692727
900001 0.4169259091
910001 0.3973424545
920001 0.3997663636
930001 0.3954613636
940001 0.4083277273
950001 0.4124367273
960001 0.4114768182
970001 0.4107379091
980001 0.4155837273
990001 0.4146702727
1000001 0.4189843000
