n | Time
1 0.0000000000
10001 0.0023398667
20001 0.0047959767
30001 0.0077128000
40001 0.0099319333
50001 0.0124685385
60001 0.0154670417
70001 0.0178710455
80001 0.0202446667
90001 0.0241542500
100001 0.0258366842
110001 0.0300207222
120001 0.0325795294
130001 0.0348497647
140001 0.0389505000
150001 0.0415956250
160001 0.0425986667
170001 0.0475132667
180001 0.0508395333
190001 0.0526787333
200001 0.0558602143
210001 0.0590407857
220001 0.0630347143
230001 0.0664447143
240001 0.0720972857
250001 0.0742797692
260001 0.0771189231
270001 0.0841096154
280001 0.0878019231
290001 0.0910987692
300001 0.0962560769
310001 0.0989963077
320001 0.1016200769
330001 0.1077549167
340001 0.1116878333
350001 0.1139075833
360001 0.1185257500
370001 0.1204339167
380001 0.1279824167
390001 0.1314020000
400001 0.1331818333
410001 0.1390447500
420001 0.1432960833
430001 0.1455910000
440001 0.1527140833
450001 0.1541538333
460001 0.1598192500
470001 0.1673171667
480001 0.1721455833
490001 0.1727285833
500001 0.1788163636
510001 0.2150881818
520001 0.2185589091
530001 0.2373427273
540001 0.2382785455
550001 0.2325971818
560001 0.2400440909
570001 0.2482369091
580001 0.2508918182
590001 0.2636902727
600001 0.2689744545
610001 0.2644438182
620001 0.2774363636
630001 0.2839528182
640001 0.2944121818
650001 0.2941365455
660001 0.3088562727
670001 0.3049094545
680001 0.3191192727
690001 0.3255750000
700001 0.3212397273
710001 0.3306917273
720001 0.3314265455
730001 0.3373740000
740001 0.3366230000
750001 0.3450622727
760001 0.3528676364
770001 0.3563715455
780001 0.3725694545
790001 0.3694010000
800001 0.3844603636
810001 0.3909735455
820001 0.3970351818
830001 0.4060127273
840001 0.4213947273
850001 0.4192029091
860001 0.4233659091
870001 0.4321301818
880001 0.4362171818
890001 0.4737634545
900001 0.3879903636
910001 0.3906100000
920001 0.3865844545
930001 0.3975802727
940001 0.3927315455
950001 0.4028142727
960001 0.4352760000
970001 0.4107440000
980001 0.4175349091
990001 0.4216280000
1000001 0.4267955000
