q | Time
0 0.0407621455
10000 0.4673404167
20000 0.4651857907
30000 0.4628346857
40000 0.4641481333
50000 0.4653626923
60000 0.4635235417
70000 0.4649385455
80000 0.4635358571
90000 0.4674630500
100000 0.4645025263
110000 0.4621494444
120000 0.4645068824
130000 0.4623612353
140000 0.4613408125
150000 0.4597793125
160000 0.4671976667
170000 0.4597152667
180000 0.4654754000
190000 0.4671385333
200000 0.4639510714
210000 0.4641822857
220000 0.4638467857
230000 0.4645735000
240000 0.4634947857
250000 0.4623253846
260000 0.4633657692
270000 0.4627127692
280000 0.4656985385
290000 0.4645822308
300000 0.4700493077
310000 0.4674433077
320000 0.4654140769
330000 0.4679982500
340000 0.4664329167
350000 0.4661088333
360000 0.4644728333
370000 0.4655390000
380000 0.4629483333
390000 0.4651406667
400000 0.4640199167
410000 0.4711250000
420000 0.4631935833
430000 0.4635029167
440000 0.4668438333
450000 0.4702574167
460000 0.4642428333
470000 0.4644980833
480000 0.4610719167
490000 0.4621495000
500000 0.4701505455
510000 0.4692981818
520000 0.4677557273
530000 0.4718660000
540000 0.4639339091
550000 0.4689770909
560000 0.4708291818
570000 0.4626701818
580000 0.4672097273
590000 0.4706120909
600000 0.4643441818
610000 0.4690193636
620000 0.4648173636
630000 0.4697567273
640000 0.4681696364
650000 0.4653118182
660000 0.4706050909
670000 0.4680214545
680000 0.4694337273
690000 0.4701274545
700000 0.4725264545
710000 0.4598550909
720000 0.4827589091
730000 0.4866924545
740000 0.5440350000
750000 0.5407677273
760000 0.5202691818
770000 0.4722833636
780000 0.4755440000
790000 0.4651558182
800000 0.4616390909
810000 0.4714795455
820000 0.4719784545
830000 0.4681490000
840000 0.4655637273
850000 0.4649016364
860000 0.4731952727
870000 0.4728667273
880000 0.4663369091
890000 0.4611459091
900000 0.4629935455
910000 0.4636858182
920000 0.4699119091
930000 0.4654110909
940000 0.4633979091
950000 0.4619962727
960000 0.4747467273
970000 0.4686420909
980000 0.4661536364
990000 0.4632670909
1000000 0.4710877000
