q | Time
0 0.2448629545
10000 0.4181183667
20000 0.4189054651
30000 0.4176904000
40000 0.4192848000
50000 0.4193647692
60000 0.4168022917
70000 0.4180770000
80000 0.4154595714
90000 0.4153623500
100000 0.4155492632
110000 0.4127678889
120000 0.4178385882
130000 0.4167358235
140000 0.4144015625
150000 0.4146208125
160000 0.4182566000
170000 0.4148007333
180000 0.4182141333
190000 0.4192808667
200000 0.4178963571
210000 0.4153908571
220000 0.4155013571
230000 0.4173830000
240000 0.4175156429
250000 0.4182283846
260000 0.4167126923
270000 0.4206549231
280000 0.4161884615
290000 0.4181036923
300000 0.4223397692
310000 0.4210373846
320000 0.4210551538
330000 0.4190102500
340000 0.4204526667
350000 0.4190983333
360000 0.4178787500
370000 0.4193113333
380000 0.4157998333
390000 0.4189244167
400000 0.4189305000
410000 0.4157409167
420000 0.4193992500
430000 0.4187533333
440000 0.4181603333
450000 0.4239960000
460000 0.4201367500
470000 0.4183385000
480000 0.4164745000
490000 0.4172453333
500000 0.4181995455
510000 0.4213517273
520000 0.4155640909
530000 0.4232104545
540000 0.4200788182
550000 0.4209579091
560000 0.4223484545
570000 0.4188174545
580000 0.4199487273
590000 0.4222700000
600000 0.4178567273
610000 0.4221000909
620000 0.4203760000
630000 0.4211337273
640000 0.4244937273
650000 0.4168782727
660000 0.4228196364
670000 0.4217660000
680000 0.4164055455
690000 0.4239282727
700000 0.4193841818
710000 0.4127731818
720000 0.4139738182
730000 0.4127834545
740000 0.4187033636
750000 0.4014785455
760000 0.4390700000
770000 0.4242527273
780000 0.4293256364
790000 0.4157940000
800000 0.4174639091
810000 0.4231001818
820000 0.4187495455
830000 0.4174006364
840000 0.4174293636
850000 0.4186780000
860000 0.4190074545
870000 0.4205110000
880000 0.4185097273
890000 0.4133422727
900000 0.4190974545
910000 0.4172539091
920000 0.4210790000
930000 0.4182274545
940000 0.4149346364
950000 0.4157263636
960000 0.4220155455
970000 0.4223382727
980000 0.4171480000
990000 0.4155119091
1000000 0.4227008000
