q | Time
0 0.0408026909
10000 0.4339202833
20000 0.4346897907
30000 0.4347071429
40000 0.4384308667
50000 0.4342186538
60000 0.4322067917
70000 0.4351278636
80000 0.4364329524
90000 0.4347835500
100000 0.4370231579
110000 0.4323188333
120000 0.4311941765
130000 0.4348670000
140000 0.4311590625
150000 0.4327861250
160000 0.4317071333
170000 0.4289846000
180000 0.4327448000
190000 0.4340120667
200000 0.4323827857
210000 0.4308111429
220000 0.4240290714
230000 0.4289022143
240000 0.4284469286
250000 0.4291069231
260000 0.4298792308
270000 0.4303480769
280000 0.4306235385
290000 0.4317084615
300000 0.4268413846
310000 0.4305232308
320000 0.4288186154
330000 0.4265398333
340000 0.4263932500
350000 0.4347200000
360000 0.4254991667
370000 0.4220517500
380000 0.4298086667
390000 0.4212635000
400000 0.4229307500
410000 0.4451300000
420000 0.4370622500
430000 0.4269724167
440000 0.4260951667
450000 0.4322709167
460000 0.4299540833
470000 0.4321020833
480000 0.4297597500
490000 0.4276362500
500000 0.4322195455
510000 0.4284816364
520000 0.4275992727
530000 0.4341925455
540000 0.4255175455
550000 0.4315876364
560000 0.4274503636
570000 0.4340284545
580000 0.4277890000
590000 0.4346224545
600000 0.4319451818
610000 0.4198070909
620000 0.4362090000
630000 0.4309710000
640000 0.4271987273
650000 0.4318312727
660000 0.4309982727
670000 0.4213490000
680000 0.4279600000
690000 0.4335010909
700000 0.4246769091
710000 0.4235937273
720000 0.4270690000
730000 0.4248622727
740000 0.4701659091
750000 0.6014798182
760000 0.5196480909
770000 0.4395376364
780000 0.4344631818
790000 0.4271610000
800000 0.4288908182
810000 0.4232753636
820000 0.4246680000
830000 0.4482070000
840000 0.4286029091
850000 0.4258016364
860000 0.4274919091
870000 0.4271547273
880000 0.4248374545
890000 0.4255930000
900000 0.4285935455
910000 0.4256537273
920000 0.4249940909
930000 0.4222120000
940000 0.4223528182
950000 0.4254296364
960000 0.4307929091
970000 0.4219343636
980000 0.4272995455
990000 0.4243052727
1000000 0.4263592000
