n | Time
1 0.0000000000
10001 0.0023526000
20001 0.0060101900
30001 0.0087953500
40001 0.0113269900
50001 0.0144426800
60001 0.0187104800
70001 0.0214150200
80001 0.0247397400
90001 0.0290473200
100001 0.0324115100
110001 0.0359411000
120001 0.0391934500
130001 0.0441217300
140001 0.0475127500
150001 0.0521990700
160001 0.0506190100
170001 0.0527171300
180001 0.0565971300
190001 0.0603165300
200001 0.0861152100
210001 0.0890041000
220001 0.1021086600
230001 0.1067742100
240001 0.1120976000
250001 0.1216521300
260001 0.1183719700
270001 0.1338984400
280001 0.1341801200
290001 0.1378451500
300001 0.1397670100
310001 0.1525722500
320001 0.1626766200
330001 0.1443292400
340001 0.1516689400
350001 0.1569962600
360001 0.2239869200
370001 0.2006755600
380001 0.1939438000
390001 0.1787426600
400001 0.1843451300
410001 0.1980964600
420001 0.1994302000
430001 0.2005880200
440001 0.2053108100
450001 0.2155176000
460001 0.1845105200
470001 0.2109006200
