n | Time
1 0.0000000000
10001 0.0026747600
20001 0.0066753600
30001 0.0101842600
40001 0.0117042200
50001 0.0146817900
60001 0.0170808200
70001 0.0182537600
80001 0.0215417000
90001 0.0260056000
100001 0.0300945000
110001 0.0348355800
120001 0.0399989100
130001 0.0440048100
140001 0.0484162300
150001 0.0537517000
160001 0.0584161800
170001 0.0575261400
180001 0.0590307300
190001 0.0617046900
200001 0.0800428900
210001 0.0792531300
220001 0.0860225400
230001 0.0905262500
240001 0.0916755600
250001 0.0936473800
260001 0.0999221700
270001 0.0994371600
280001 0.1053799300
290001 0.1045380300
300001 0.1090204500
310001 0.1116224200
320001 0.1136986500
330001 0.1120857900
340001 0.1125980900
350001 0.1173272200
360001 0.1193143800
370001 0.1451940200
380001 0.1358102200
390001 0.1291291000
400001 0.1347544200
410001 0.1394190300
420001 0.1460778000
430001 0.1492559900
440001 0.1566847300
450001 0.1618561400
460001 0.1660603000
470001 0.1646450300
