q | Time
0 0.2457690545
10000 0.3904562500
20000 0.3928103023
30000 0.3914334571
40000 0.3955424667
50000 0.3902175000
60000 0.3881858333
70000 0.3914805455
80000 0.3929847619
90000 0.3921939000
100000 0.3932048421
110000 0.3865056111
120000 0.3892437059
130000 0.3915375882
140000 0.3888594375
150000 0.3852066250
160000 0.3857715333
170000 0.3831113333
180000 0.3893624000
190000 0.3883174000
200000 0.3821417857
210000 0.3870006429
220000 0.3748306429
230000 0.3894148571
240000 0.3826760000
250000 0.3830120000
260000 0.3874250769
270000 0.3848036154
280000 0.3797284615
290000 0.3928440000
300000 0.3859704615
310000 0.3780466923
320000 0.3872350769
330000 0.3716845000
340000 0.3804151667
350000 0.3826445833
360000 0.3856606667
370000 0.3755631667
380000 0.3885613333
390000 0.3676387500
400000 0.3755140833
410000 0.3938475000
420000 0.4006825000
430000 0.3863297500
440000 0.3814961667
450000 0.3954082500
460000 0.3950726667
470000 0.3903899167
480000 0.3930556667
490000 0.3838375000
500000 0.3911336364
510000 0.3859193636
520000 0.3843445455
530000 0.3926610000
540000 0.3885337273
550000 0.3902726364
560000 0.3784892727
570000 0.3967350909
580000 0.3910080000
590000 0.3832984545
600000 0.3949942727
610000 0.3762577273
620000 0.3997538182
630000 0.3956087273
640000 0.3913560909
650000 0.3929860909
660000 0.3911451818
670000 0.3775904545
680000 0.3916242727
690000 0.3883251818
700000 0.3814629091
710000 0.3857966364
720000 0.3819420909
730000 0.3875823636
740000 0.3936174545
750000 0.4223898182
760000 0.3766880909
770000 0.4102915455
780000 0.4034949091
790000 0.3922242727
800000 0.3846087273
810000 0.3809376364
820000 0.3847381818
830000 0.3940887273
840000 0.3926527273
850000 0.3745962727
860000 0.3835795455
870000 0.3917436364
880000 0.3758668182
890000 0.3898272727
900000 0.3920489091
910000 0.3808174545
920000 0.3862621818
930000 0.3821008182
940000 0.3840135455
950000 0.3821476364
960000 0.3943493636
970000 0.3735910909
980000 0.3866455455
990000 0.3853237273
1000000 0.3806891000
