n | Time
1 1e-06
10001 0.003393
20001 0.006896
30001 0.017271
40001 0.016165
50001 0.021987
60001 0.048823
70001 0.04045
80001 0.052652
90001 0.041666
100001 0.05398
110001 0.072623
120001 0.061794
130001 0.059569
140001 0.097843
150001 0.095643
160001 0.086904
170001 0.11606
180001 0.094712
190001 0.102774
200001 0.099924
210001 0.48281
220001 0.311198
230001 0.223026
240001 0.189467
250001 0.199452
260001 0.071861
270001 0.119983
280001 0.083118
290001 0.123119
300001 0.142314
310001 0.10602
320001 0.090316
330001 0.135777
340001 0.112667
350001 0.125874
360001 0.122959
370001 0.090138
380001 0.092418
390001 0.094523
400001 0.100575
410001 0.100725
420001 0.107655
430001 0.108169
440001 0.111052
450001 0.117083
460001 0.172075
470001 0.125014
480001 0.128498
490001 0.16239
500001 0.151512
510001 0.270824
520001 0.281324
530001 0.164755
540001 0.343649
550001 0.332313
560001 0.288034
570001 0.4879
580001 0.708533
590001 0.686358
600001 0.548402
610001 0.85158
620001 0.387225
630001 0.49201
640001 0.443547
650001 0.674572
660001 0.375454
670001 0.516347
680001 0.415232
690001 0.621598
700001 1.13918
710001 0.576976
720001 0.44642
730001 0.539348
740001 0.337819
750001 0.306328
760001 0.287804
770001 0.291755
780001 0.319261
790001 0.375703
800001 0.388281
810001 0.302433
820001 0.332343
830001 0.260063
840001 0.292637
850001 0.315066
860001 0.281567
870001 0.794597
880001 0.848876
890001 0.725602
900001 0.475468
910001 0.332259
920001 0.293091
930001 0.333793
940001 0.477377
950001 0.301442
960001 0.28528
970001 0.286019
980001 0.287326
990001 0.289972
1000001 0.390469
