q | Time
0 0.044398
10000 0.451543
20000 0.44825
30000 0.701976
40000 0.445408
50000 0.46166
60000 0.966264
70000 0.63603
80000 0.435532
90000 0.497022
100000 0.454168
110000 0.58324
120000 0.435551
130000 0.496221
140000 0.840508
150000 0.892157
160000 0.548277
170000 0.461336
180000 0.519306
190000 0.980498
200000 0.716064
210000 0.487335
220000 0.481471
230000 0.504563
240000 0.912803
250000 1.093833
260000 0.518202
270000 0.697759
280000 0.711298
290000 0.458321
300000 0.446718
310000 0.464577
320000 0.449723
330000 0.464172
340000 0.466464
350000 0.486505
360000 0.500516
370000 0.498977
380000 0.521885
390000 0.454534
400000 0.48574
410000 0.506483
420000 0.447979
430000 0.447351
440000 0.511478
450000 0.448137
460000 0.450399
470000 0.508918
480000 0.447373
490000 0.448521
500000 0.446399
510000 0.45042
520000 0.450907
530000 0.451943
540000 0.47315
550000 0.483341
560000 0.447168
570000 0.446883
580000 0.447055
590000 0.449553
600000 0.446957
610000 0.445062
620000 0.448418
630000 0.442048
640000 0.447382
650000 0.44618
660000 0.447899
670000 0.490852
680000 0.446975
690000 0.447107
700000 0.470529
710000 0.461547
720000 0.452685
730000 0.444342
740000 0.454051
750000 0.446291
760000 0.448165
770000 0.505336
780000 0.447969
790000 0.442931
800000 0.443903
810000 0.446857
820000 0.482618
830000 0.531786
840000 0.517535
850000 0.469559
860000 0.466588
870000 0.467695
880000 0.639226
890000 0.577294
900000 0.451195
910000 0.453457
920000 0.449071
930000 0.475199
940000 0.445445
950000 0.465682
960000 0.467654
970000 0.479338
980000 0.646521
990000 0.528958
1000000 0.762546
