n | Time
1 0.0000000000
10001 0.0024925600
20001 0.0040569300
30001 0.0062839700
40001 0.0221483300
50001 0.0214138600
60001 0.0291822300
70001 0.0272360500
80001 0.0321643200
90001 0.0303443100
100001 0.0363694100
110001 0.0360306200
120001 0.0420549900
130001 0.0405552000
140001 0.0389768400
150001 0.0491008500
160001 0.0605536300
170001 0.0497373200
180001 0.0551685200
190001 0.0557605700
200001 0.0643119800
210001 0.0859046700
220001 0.0855843300
230001 0.0810321200
240001 0.0851270700
250001 0.0868270700
260001 0.0876522900
270001 0.0963921400
280001 0.0894420600
290001 0.1024566600
300001 0.1011424900
310001 0.1133756000
