n | Time
1 0.0000000000
10001 0.0023574700
20001 0.0041163400
30001 0.0084235800
40001 0.0288931200
50001 0.0335526300
60001 0.0272997900
70001 0.0258842400
80001 0.0324618700
90001 0.0334882600
100001 0.0365946400
110001 0.0380937000
120001 0.0417938000
130001 0.0544070400
140001 0.0461679600
150001 0.0493942900
160001 0.0528505100
170001 0.0621665400
180001 0.0680946100
190001 0.0726272900
200001 0.0885938500
210001 0.0848264100
220001 0.0872839600
230001 0.0888339400
240001 0.0935416500
250001 0.1027196500
260001 0.0965002100
270001 0.1057557200
280001 0.1287246900
290001 0.1250367800
300001 0.1204259900
