q | Time
0 0.2417290000
10000 0.3730137000
20000 0.3715589000
30000 0.3705311000
40000 0.3832778000
50000 0.3758618000
60000 0.3766708000
70000 0.3700661000
80000 0.3860254000
90000 0.3816231000
100000 0.3707214000
110000 0.3734458000
120000 0.3972126000
130000 0.3892318000
140000 0.3768183000
150000 0.3805066000
160000 0.3752635000
170000 0.3837947000
180000 0.3758863000
190000 0.3821843000
200000 0.3674307000
210000 0.3754696000
220000 0.3973941000
230000 0.4072753000
240000 0.4136239000
250000 0.3913081000
260000 0.3836618000
270000 0.3729470000
280000 0.3839551000
290000 0.3736818000
300000 0.3782051000
310000 0.3778547000
320000 0.3878458000
330000 0.3823109000
340000 0.3761706000
350000 0.3816726000
360000 0.3804026000
370000 0.3841277000
380000 0.3814667000
390000 0.3916611000
400000 0.3873782000
410000 0.3781521000
420000 0.3763632000
430000 0.3742607000
440000 0.3868758000
450000 0.3859226000
460000 0.3804268000
470000 0.3728095000
480000 0.3717324000
490000 0.3751973000
500000 0.3752935000
510000 0.3739953000
520000 0.3712971000
530000 0.3732771000
540000 0.3748730000
550000 0.3649463000
560000 0.3607895000
570000 0.3767187000
580000 0.3795655000
590000 0.3789357000
600000 0.3765428000
610000 0.3778446000
620000 0.3754016000
630000 0.3784178000
640000 0.3746580000
650000 0.3645712000
660000 0.3674548000
670000 0.3738579000
680000 0.3723052000
690000 0.3658997000
700000 0.3702368000
710000 0.3775818000
720000 0.3801978000
730000 0.3667967000
740000 0.3780414000
750000 0.3746983000
760000 0.3673520000
770000 0.3777103000
780000 0.3726738000
790000 0.3883208000
800000 0.3852598000
810000 0.3860392000
820000 0.3908036000
830000 0.3899150000
840000 0.3839017000
850000 0.3923865000
860000 0.3851583000
870000 0.3863991000
880000 0.3990057000
890000 0.3938146000
900000 0.3841201000
910000 0.3878063000
920000 0.3908835000
930000 0.3918354000
940000 0.3856800000
950000 0.3925657000
960000 0.3915393000
970000 0.3893853000
980000 0.3859055000
990000 0.3858392000
1000000 0.3847823000
