q | Time
0 0.0401019000
10000 0.4318121000
20000 0.4301483000
30000 0.4347024000
40000 0.4390493000
50000 0.4309035000
60000 0.4325496000
70000 0.4315569000
80000 0.4367447000
90000 0.4327781000
100000 0.4264871000
110000 0.4272111000
120000 0.4420618000
130000 0.4360299000
140000 0.4334808000
150000 0.4326614000
160000 0.4266468000
170000 0.4337835000
180000 0.4371388000
190000 0.4331385000
200000 0.4280466000
210000 0.4283929000
220000 0.4846714000
230000 0.5149852000
240000 0.4465630000
250000 0.4362050000
260000 0.4362881000
270000 0.4277746000
280000 0.4331242000
290000 0.4257115000
300000 0.4257508000
310000 0.4246467000
320000 0.4351864000
330000 0.4310295000
340000 0.4316779000
350000 0.4477510000
360000 0.4313196000
370000 0.4397640000
380000 0.4317315000
390000 0.4384007000
400000 0.4310937000
410000 0.4292670000
420000 0.4293493000
430000 0.4243984000
440000 0.4320328000
450000 0.4288862000
460000 0.4273096000
470000 0.4212741000
480000 0.4219875000
490000 0.4228333000
500000 0.4273014000
510000 0.4253424000
520000 0.4225982000
530000 0.4232030000
540000 0.4273847000
550000 0.4227425000
560000 0.4215040000
570000 0.4274214000
580000 0.4279568000
590000 0.4255575000
600000 0.4334956000
610000 0.4240028000
620000 0.4227602000
630000 0.4253058000
640000 0.4243629000
650000 0.4190793000
660000 0.4251834000
670000 0.4260404000
680000 0.4243370000
690000 0.4248367000
700000 0.4253997000
710000 0.4281290000
720000 0.4269679000
730000 0.4227419000
740000 0.4286098000
750000 0.4277361000
760000 0.4205450000
770000 0.4326521000
780000 0.4281060000
790000 0.4425710000
800000 0.4373913000
810000 0.4383560000
820000 0.4405427000
830000 0.4406646000
840000 0.4386413000
850000 0.4356679000
860000 0.4361934000
870000 0.4407473000
880000 0.4487151000
890000 0.4404712000
900000 0.4392807000
910000 0.4416897000
920000 0.4420091000
930000 0.4425852000
940000 0.4413068000
950000 0.4409060000
960000 0.4676859000
970000 0.4315820000
980000 0.4298196000
990000 0.4291081000
1000000 0.4260511000
