q | Time
0 0.2402398000
10000 0.4166354000
20000 0.4172984000
30000 0.4144339000
40000 0.4203718000
50000 0.4182687000
60000 0.4168870000
70000 0.4197205000
80000 0.4191360000
90000 0.4183210000
100000 0.4127817000
110000 0.4225367000
120000 0.4155371000
130000 0.4154114000
140000 0.4167968000
150000 0.4198062000
160000 0.4215403000
170000 0.4171868000
180000 0.4212215000
190000 0.4194687000
200000 0.4194578000
210000 0.4164602000
220000 0.4167930000
230000 0.4299123000
240000 0.4263860000
250000 0.4237835000
260000 0.4244108000
270000 0.4181834000
280000 0.4214179000
290000 0.4216306000
300000 0.4164410000
310000 0.4206850000
320000 0.4188932000
330000 0.4206591000
340000 0.4203981000
350000 0.4187840000
360000 0.4191159000
370000 0.4125979000
380000 0.4206447000
390000 0.4212811000
400000 0.4219387000
410000 0.4162379000
420000 0.4248117000
430000 0.4193791000
440000 0.4210527000
450000 0.4179295000
460000 0.4176918000
470000 0.4205128000
480000 0.4199682000
490000 0.4140579000
500000 0.4211973000
510000 0.4229869000
520000 0.4181600000
530000 0.4195484000
540000 0.4249943000
550000 0.4238434000
560000 0.4146791000
570000 0.4187094000
580000 0.4203211000
590000 0.4186392000
600000 0.4239191000
610000 0.4167109000
620000 0.4200045000
630000 0.4179462000
640000 0.4165455000
650000 0.4136449000
660000 0.4221306000
670000 0.4224518000
680000 0.4156318000
690000 0.4178172000
700000 0.4185437000
710000 0.4139845000
720000 0.4184372000
730000 0.4200646000
740000 0.4146565000
750000 0.4244836000
760000 0.4149515000
770000 0.4204024000
780000 0.4203293000
790000 0.4242797000
800000 0.4266417000
810000 0.4227002000
820000 0.4254197000
830000 0.4195523000
840000 0.4236591000
850000 0.4248587000
860000 0.4289422000
870000 0.4235232000
880000 0.4267656000
890000 0.4263480000
900000 0.4239114000
910000 0.4217904000
920000 0.4219659000
930000 0.4212220000
940000 0.4233004000
950000 0.4305196000
960000 0.4149297000
970000 0.4273789000
980000 0.4270580000
990000 0.4231970000
1000000 0.4275167000
