n | Time
1 0
10001 0.003573
20001 0.008273
30001 0.028355
40001 0.017909
50001 0.028632
60001 0.027112
70001 0.079663
80001 0.031384
90001 0.051341
100001 0.057039
110001 0.080582
120001 0.055785
130001 0.075608
140001 0.089366
150001 0.083852
160001 0.17583
170001 0.102466
180001 0.166076
190001 0.15108
200001 0.707673
210001 0.225121
220001 0.58727
230001 0.155691
240001 0.150635
250001 0.159373
260001 0.08531
270001 0.078669
280001 0.197252
290001 0.181171
300001 0.141932
310001 0.142314
320001 0.112784
330001 0.189565
340001 0.154502
350001 0.101499
360001 0.110658
370001 0.105559
380001 0.095696
390001 0.097447
400001 0.104619
410001 0.104018
420001 0.106912
430001 0.124008
440001 0.12588
450001 0.143173
460001 0.126321
470001 0.129465
480001 0.12977
490001 0.268964
500001 0.198265
510001 0.546942
520001 0.306886
530001 0.183202
540001 0.3394
550001 0.295065
560001 0.479328
570001 0.485526
580001 0.338501
590001 0.484688
600001 0.68405
610001 0.354622
620001 0.729581
630001 0.582882
640001 0.409972
650001 0.435276
660001 1.36728
670001 0.35068
680001 0.553765
690001 0.615621
700001 0.562892
710001 0.680621
720001 0.439687
730001 0.387208
740001 0.634069
750001 0.311377
760001 0.256989
770001 0.585288
780001 0.320807
790001 0.32253
800001 0.349229
810001 0.330112
820001 0.270669
830001 0.266866
840001 0.344394
850001 0.264842
860001 0.652511
870001 0.402784
880001 0.307726
890001 0.37376
900001 0.301287
910001 0.283678
920001 0.285314
930001 0.689781
940001 0.297979
950001 0.286736
960001 0.294299
970001 0.299917
980001 0.296133
990001 0.321791
1000001 0.465069
